0 -0.791316 0.00416014
1 -0.788161 0.00439899
2 -0.79094 0.00436727
3 -0.793744 0.00517003
4 -0.79198 0.0053983
5 -0.787697 0.00466818
6 -0.787208 0.00538114
7 -0.7857 0.00532291
8 -0.783394 0.0051449
9 -0.783982 0.00528107
10 -0.783963 0.00669004
11 -0.778634 0.00615039
12 -0.78341 0.00545935
13 -0.774382 0.00539478
14 -0.776552 0.00473105
15 -0.773268 0.00581735
16 -0.774594 0.00431372
17 -0.778362 0.00448494
18 -0.778779 0.00437439
19 -0.781578 0.0046457
20 -0.778624 0.00484844
21 -0.784527 0.00482425
22 -0.78271 0.00468799
23 -0.780012 0.00476282
24 -0.778168 0.0052385
25 -0.780319 0.00514167
26 -0.778166 0.00527715
27 -0.778894 0.00459217
28 -0.782265 0.00432427
29 -0.782518 0.00441946
30 -0.779959 0.00521684
31 -0.774241 0.00453909
32 -0.781085 0.00391995
33 -0.778891 0.00499526
34 -0.781973 0.00413562
35 -0.78217 0.00444897
36 -0.78281 0.00386951
37 -0.784465 0.00380292
38 -0.783839 0.00404792
39 -0.782187 0.0036086
40 -0.780635 0.0039641
41 -0.77952 0.00443319
42 -0.779732 0.00476402
43 -0.783052 0.00419945
44 -0.781785 0.00416161
45 -0.783719 0.00415346
46 -0.784027 0.00504437
47 -0.78507 0.00414864
48 -0.782299 0.00469353
49 -0.783184 0.00509616
50 -0.780789 0.00484385
51 -0.782987 0.00492053
52 -0.784186 0.00521034
53 -0.78564 0.004499
54 -0.786906 0.00431626
55 -0.785532 0.00428049
56 -0.785673 0.00443835
57 -0.78713 0.00365845
58 -0.786744 0.00460631
59 -0.785353 0.00431924
60 -0.785582 0.00323181
61 -0.785341 0.00392854
62 -0.782627 0.00412398
63 -0.786003 0.0034515
64 -0.782257 0.00344182
65 -0.782024 0.00281499
66 -0.787182 0.00300586
67 -0.786617 0.00412367
68 -0.780983 0.00360458
69 -0.77803 0.00333964
70 -0.778222 0.00320217
71 -0.780228 0.0032096
72 -0.783052 0.00253846
73 -0.780131 0.0029874
74 -0.781426 0.00313616
75 -0.7804 0.00236767
76 -0.783053 0.00321251
77 -0.781337 0.00329485
78 -0.783842 0.00332603
79 -0.78289 0.00300073
80 -0.782987 0.0029967
81 -0.781131 0.00274452
82 -0.781643 0.00260208
83 -0.781213 0.00279577
84 -0.783589 0.0022925
85 -0.782885 0.00294585
86 -0.78511 0.00357088
87 -0.783623 0.00395253
88 -0.779759 0.00414259
89 -0.780667 0.00286121
90 -0.781776 0.00281928
91 -0.778146 0.00346265
92 -0.780661 0.00345889
93 -0.779525 0.00341283
94 -0.777112 0.00324852
95 -0.772296 0.00377855
96 -0.773975 0.00370962
97 -0.779399 0.00342372
98 -0.784173 0.0024904
99 -0.78356 0.00353591
100 -0.781792 0.00336769
101 -0.785112 0.00325927
102 -0.783075 0.00340032
103 -0.782958 0.00347947
104 -0.782343 0.00312543
105 -0.780914 0.00366144
106 -0.783105 0.00346067
107 -0.778651 0.00337628
108 -0.775424 0.0031161
109 -0.776156 0.00314968
110 -0.77822 0.00341473
111 -0.781647 0.00374486
112 -0.779248 0.00425967
113 -0.779201 0.00337495
114 -0.782176 0.00290779
115 -0.783425 0.00283978
116 -0.781101 0.00289793
117 -0.779273 0.00206324
118 -0.780741 0.00210249
119 -0.781955 0.00214315
120 -0.780189 0.0023945
121 -0.783236 0.00257471
122 -0.780632 0.00297371
123 -0.77962 0.00333566
124 -0.775994 0.00332232
125 -0.778917 0.00337323
126 -0.782803 0.0030788
127 -0.781229 0.00271513
128 -0.782667 0.00398703
129 -0.78237 0.00326309
130 -0.780216 0.00362742
131 -0.778673 0.00313629
132 -0.776909 0.00328552
133 -0.777232 0.00366788
134 -0.77627 0.00350672
135 -0.77533 0.00355558
136 -0.775386 0.00419906
137 -0.77677 0.00442431
138 -0.777932 0.00420199
139 -0.775529 0.00333399
140 -0.775678 0.00341698
141 -0.771951 0.00414132
142 -0.774077 0.00315687
143 -0.775375 0.0026963
144 -0.777639 0.00263046
145 -0.780523 0.0027919
146 -0.778994 0.00325046
147 -0.777954 0.00386898
148 -0.777559 0.00343238
149 -0.780543 0.00353048
150 -0.784256 0.0034895
151 -0.783988 0.00346277
152 -0.784389 0.00305914
153 -0.784177 0.00290757
154 -0.782796 0.00277151
155 -0.780815 0.00283899
156 -0.781741 0.00261666
157 -0.781512 0.0026741
158 -0.781276 0.00249655
159 -0.781136 0.003405
160 -0.780321 0.0038541
161 -0.779885 0.00297457
162 -0.780394 0.00308451
163 -0.778444 0.00302537
164 -0.779782 0.00312891
165 -0.780763 0.00311686
166 -0.780914 0.00262829
167 -0.78264 0.0025657
168 -0.781623 0.00286562
169 -0.779531 0.00250822
170 -0.777364 0.00283453
171 -0.779045 0.00377155
172 -0.781569 0.0032671
173 -0.780383 0.00341922
174 -0.780519 0.00282525
175 -0.784665 0.00218074
176 -0.781413 0.00269734
177 -0.782032 0.00342708
178 -0.780883 0.00328875
179 -0.780685 0.00324304
180 -0.783686 0.00282918
181 -0.783456 0.00356315
182 -0.780828 0.00323395
183 -0.778993 0.00327539
184 -0.774753 0.00310339
185 -0.779105 0.00273329
186 -0.783159 0.00336402
187 -0.782306 0.00267711
188 -0.782814 0.00265667
189 -0.784228 0.00311478
190 -0.783266 0.00300188
191 -0.782195 0.00272533
192 -0.779682 0.00213954
193 -0.777285 0.00273391
194 -0.777045 0.00232734
195 -0.780626 0.00257546
196 -0.777014 0.00200552
197 -0.776476 0.00314922
198 -0.781429 0.00294714
199 -0.782135 0.00310814
200 -0.78401 0.00266834
201 -0.781874 0.00296021
202 -0.784173 0.00321252
203 -0.784636 0.00400331
204 -0.780623 0.0030036
205 -0.775075 0.00352683
206 -0.779392 0.00310064
207 -0.777646 0.00317515
208 -0.777221 0.00301674
209 -0.776688 0.00386247
210 -0.775569 0.00425782
211 -0.779044 0.00393911
212 -0.777915 0.00416887
213 -0.77885 0.00460525
214 -0.7789 0.00440077
215 -0.776608 0.00361577
216 -0.779088 0.00394925
217 -0.77738 0.00339098
218 -0.779987 0.00271882
219 -0.780545 0.00220143
220 -0.784174 0.00291992
221 -0.786736 0.00318648
222 -0.784002 0.00333748
223 -0.783685 0.00339156
224 -0.786469 0.0033658
225 -0.787082 0.00274059
226 -0.786606 0.00327396
227 -0.784777 0.00336079
228 -0.789679 0.00280596
229 -0.787819 0.00310621
230 -0.786224 0.00277715
231 -0.783382 0.00315883
232 -0.783418 0.00391547
233 -0.78398 0.00368726
234 -0.781693 0.0037684
235 -0.780027 0.00335552
236 -0.78087 0.00350003
237 -0.780059 0.00366658
238 -0.77895 0.0037458
239 -0.777473 0.00408678
240 -0.77921 0.00366771
241 -0.776512 0.00435191
242 -0.77985 0.00396398
243 -0.778081 0.00342914
244 -0.776719 0.0031285
245 -0.780129 0.00340285
246 -0.777009 0.00349971
247 -0.778492 0.00307497
248 -0.782604 0.00230084
249 -0.783552 0.00270619
250 -0.782366 0.00303773
251 -0.782756 0.00309337
252 -0.780264 0.00398956
253 -0.778426 0.00368349
254 -0.778127 0.00365232
255 -0.776067 0.00387305
256 -0.780168 0.00408893
257 -0.783872 0.00377199
258 -0.779289 0.00359053
259 -0.780102 0.00415264
260 -0.777885 0.00336211
261 -0.777347 0.00301563
262 -0.780865 0.0027976
263 -0.784291 0.00330193
264 -0.782498 0.00433561
265 -0.783538 0.00436514
266 -0.781097 0.00535411
267 -0.78398 0.00478573
268 -0.78593 0.00424352
269 -0.785883 0.00472159
270 -0.785739 0.00419886
271 -0.780864 0.00426703
272 -0.783196 0.00426551
273 -0.780019 0.00405997
274 -0.784664 0.00442758
275 -0.781461 0.00506487
276 -0.780176 0.00308476
277 -0.782341 0.00305862
278 -0.78275 0.00313839
279 -0.787641 0.00342659
280 -0.786412 0.00313655
281 -0.783927 0.00354017
282 -0.784004 0.0038762
283 -0.780076 0.00418747
284 -0.783978 0.00456841
285 -0.784551 0.00296229
286 -0.784778 0.00313999
287 -0.782656 0.0034272
288 -0.778459 0.00438656
289 -0.784774 0.00393995
290 -0.786879 0.00494154
291 -0.782756 0.00478347
292 -0.785584 0.0049388
293 -0.783568 0.00451739
294 -0.788127 0.00516903
295 -0.784559 0.00533454
296 -0.784249 0.00652391
297 -0.787333 0.00550956
298 -0.786354 0.00651154
299 -0.783805 0.00585377
