0    0    0
0.0230664    0    0
0.0461329    0    0
0.0691993    0    0
0.0922657    0    0
0.115332    0    0
0.138399    0    0
0.161465    0    0
0.184531    0    0
0.207598    0    0
0.230664    0    0
0.253731    0    0
0.276797    0    0
0.299864    0    0
0.32293    0    0
0.345996    0    0
0.369063    0    0
0.392129    0    0
0.415196    0    0
0.438262    0    0
0.461329    0    0
0.484395    0    0
0.507461    0    0
0.530528    0    0
0.553594    0    0
0.576661    0    0
0.599727    0    0
0.622794    0    0
0.64586    0    0
0.668926    0    0
0.691993    0    0
0.715059    0    0
0.738126    0    0
0.761192    0    0
0.784259    0    0
0.807325    0    0
0.830391    0    0
0.853458    0    0
0.876524    8.61594e-05    1.10242e-05
0.899591    0.00347767    8.08221e-05
0.922657    0.0474729    0.000300067
0.945724    0.294314    0.00108206
0.96879    1.00734    0.00208832
0.991856    2.23772    0.00242474
1.01492    3.62598    0.00249024
1.03799    4.62233    0.00203903
1.06106    4.89452    0.00343792
1.08412    4.4899    0.00382674
1.10719    3.65866    0.00304813
1.13026    2.69417    0.00201527
1.15332    1.81534    0.0012068
1.17639    1.13247    0.00111247
1.19945    0.653694    0.00130398
1.22252    0.353503    0.00108137
1.24559    0.179872    0.000847405
1.26865    0.0887706    0.000588313
1.29172    0.0489054    0.000426394
1.31479    0.0417205    0.000385232
1.33785    0.0604712    0.000445291
1.36092    0.105541    0.000535724
1.38399    0.183687    0.000597902
1.40705    0.300919    0.000642627
1.43012    0.453512    0.000606301
1.45319    0.62869    0.000606527
1.47625    0.7973    0.000840696
1.49932    0.922024    0.00108341
1.52238    0.970724    0.00131895
1.54545    0.930024    0.00119599
1.56852    0.808296    0.00096564
1.59158    0.641178    0.000634696
1.61465    0.464854    0.000588425
1.63772    0.316785    0.000595779
1.66078    0.219329    0.000785079
1.68385    0.191633    0.00091395
1.70692    0.254902    0.00105777
1.72998    0.434221    0.0013494
1.75305    0.749711    0.00147275
1.77612    1.19729    0.00112533
1.79918    1.727    0.000868721
1.82225    2.23455    0.00137766
1.84531    2.59678    0.00204973
1.86838    2.71403    0.00259776
1.89145    2.55892    0.00248651
1.91451    2.18148    0.00181887
1.93758    1.69038    0.000982417
1.96065    1.20107    0.000883105
1.98371    0.801925    0.00126529
2.00678    0.542299    0.0015146
2.02985    0.434004    0.00131462
2.05291    0.46049    0.00112273
2.07598    0.586933    0.000881482
2.09905    0.758015    0.000472751
2.12211    0.916391    0.000625515
2.14518    1.0146    0.000977416
2.16824    1.02244    0.0010249
2.19131    0.919191    0.000813239
2.21438    0.780428    0.000585484
2.23744    0.654167    0.000656157
2.26051    0.57107    0.00104967
2.28358    0.573065    0.00131022
