1    -0.413074    -0.413074    0
2    -0.425316    -0.419195    0.00432816
3    -0.421586    -0.419992    0.00295788
4    -0.40491    -0.416222    0.00394755
5    -0.417832    -0.416544    0.00317115
6    -0.412534    -0.415875    0.00271211
7    -0.426921    -0.417453    0.0027456
8    -0.42436    -0.418317    0.00253451
9    -0.41436    -0.417877    0.00229072
10    -0.412795    -0.417369    0.00211727
11    -0.403642    -0.416121    0.00226285
12    -0.410923    -0.415688    0.00211533
13    -0.418034    -0.415868    0.0019603
14    -0.423196    -0.416392    0.00188887
15    -0.414482    -0.416264    0.00176723
16    -0.418897    -0.416429    0.00166442
17    -0.412545    -0.4162    0.00158211
18    -0.430988    -0.417022    0.00169414
19    -0.414767    -0.416903    0.00160912
20    -0.414856    -0.416801    0.00153192
21    -0.426208    -0.417249    0.00152306
22    -0.421233    -0.41743    0.00146455
23    -0.413228    -0.417247    0.00141223
24    -0.416695    -0.417224    0.00135357
25    -0.417327    -0.417228    0.00129944
26    -0.419242    -0.417306    0.00125176
27    -0.412857    -0.417141    0.0012162
28    -0.409802    -0.416879    0.00120067
29    -0.422563    -0.417075    0.00117516
30    -0.413458    -0.416954    0.00114216
31    -0.399176    -0.416381    0.00124097
32    -0.424    -0.416619    0.00122482
33    -0.405656    -0.416287    0.00123193
34    -0.418102    -0.41634    0.00119685
35    -0.415691    -0.416322    0.0011628
36    -0.425912    -0.416588    0.00116062
37    -0.402437    -0.416206    0.0011906
38    -0.411432    -0.41608    0.00116588
39    -0.419702    -0.416173    0.00113968
40    -0.411156    -0.416047    0.00111807
41    -0.411756    -0.415943    0.00109569
42    -0.416473    -0.415955    0.00106967
43    -0.408391    -0.415779    0.00105916
44    -0.413977    -0.415738    0.00103588
45    -0.410824    -0.415629    0.0010186
46    -0.406057    -0.415421    0.00101749
47    -0.413772    -0.415386    0.000996447
48    -0.406331    -0.415197    0.000993384
49    -0.417121    -0.415237    0.000973886
50    -0.421049    -0.415353    0.000961322
51    -0.412942    -0.415306    0.000943634
52    -0.415603    -0.415311    0.000925505
53    -0.414232    -0.415291    0.000908266
54    -0.413315    -0.415254    0.000892183
55    -0.409772    -0.415155    0.000881513
56    -0.411391    -0.415088    0.00086833
57    -0.41425    -0.415073    0.000853221
58    -0.424784    -0.41524    0.000854781
59    -0.411601    -0.415179    0.000842516
60    -0.418779    -0.415239    0.000830608
61    -0.414529    -0.415227    0.000817073
62    -0.406826    -0.415091    0.000815052
63    -0.42872    -0.415308    0.000830324
64    -0.421729    -0.415408    0.00082339
65    -0.41627    -0.415421    0.000810829
66    -0.405472    -0.415271    0.000812437
67    -0.425133    -0.415418    0.000813538
68    -0.412915    -0.415381    0.000802407
69    -0.428275    -0.415568    0.000812246
70    -0.407027    -0.415446    0.000809756
71    -0.413821    -0.415423    0.000798674
72    -0.416917    -0.415444    0.000787851
73    -0.426817    -0.4156    0.000792313
74    -0.4106    -0.415532    0.000784481
75    -0.414814    -0.415522    0.00077408
76    -0.416346    -0.415533    0.00076397
77    -0.434041    -0.415774    0.000790958
78    -0.408974    -0.415686    0.000785608
79    -0.416513    -0.415697    0.000775733
80    -0.402845    -0.415536    0.000782493
81    -0.42193    -0.415615    0.000776804
82    -0.428785    -0.415776    0.000783758
83    -0.419413    -0.41582    0.000775539
84    -0.41665    -0.415829    0.00076637
85    -0.411431    -0.415778    0.000759098
86    -0.42314    -0.415863    0.000755084
87    -0.412945    -0.41583    0.00074715
88    -0.40538    -0.415711    0.000748037
89    -0.41666    -0.415722    0.000739708
90    -0.415421    -0.415718    0.000731496
91    -0.420167    -0.415767    0.000725089
92    -0.41407    -0.415749    0.000717443
93    -0.419786    -0.415792    0.00071104
94    -0.414873    -0.415782    0.000703543
95    -0.406787    -0.415688    0.000702481
96    -0.430752    -0.415845    0.000712473
97    -0.413537    -0.415821    0.000705525
98    -0.41163    -0.415778    0.000699621
99    -0.420965    -0.41583    0.000694513
100    -0.419772    -0.41587    0.000688686
