0    0    0
0.064633    0    0
0.129266    0    0
0.193899    0    0
0.258532    0    0
0.323165    0    0
0.387798    0    0
0.452431    0    0
0.517064    0    0
0.581697    0    0
0.64633    0    0
0.710963    0    0
0.775596    0    0
0.84023    0.00104171    0.00012229
0.904863    0.147625    0.00126911
0.969496    1.07015    0.00383466
1.03413    2.04461    0.0059267
1.09876    2.2799    0.00741533
1.16339    2.09596    0.0056317
1.22803    1.83815    0.00487348
1.29266    1.62709    0.00402253
1.35729    1.45628    0.00340421
1.42193    1.3377    0.00311768
1.48656    1.2538    0.00289462
1.55119    1.19191    0.00280588
1.61583    1.14807    0.00242914
1.68046    1.11779    0.00238053
1.74509    1.0962    0.00206784
1.80973    1.08074    0.00227128
1.87436    1.06872    0.00225241
1.93899    1.06538    0.00202124
2.00362    1.06274    0.00210706
2.06826    1.05924    0.00191239
2.13289    1.05414    0.00188141
2.19752    1.05512    0.00188497
2.26216    1.0469    0.00180396
2.32679    1.03865    0.00167078
2.39142    1.03521    0.00160368
2.45606    1.02907    0.00158949
2.52069    1.02576    0.0016062
2.58532    1.02148    0.00153115
2.64995    1.01658    0.00135466
2.71459    1.01165    0.00143165
2.77922    1.01023    0.00122712
2.84385    1.00769    0.00144556
2.90849    1.00679    0.0012842
2.97312    1.00364    0.00128361
3.03775    1.00097    0.00119141
3.10239    0.999776    0.00113071
3.16702    1.00004    0.00122649
3.23165    0.99908    0.0010104
3.29629    0.997533    0.00109344
3.36092    0.99622    0.00102499
3.42555    0.995138    0.00128832
3.49018    0.994529    0.0010204
3.55482    0.993211    0.00103008
3.61945    0.992114    0.00100666
3.68408    0.991244    0.00100027
3.74872    0.991707    0.00097954
3.81335    0.991004    0.000849397
3.87798    0.991272    0.000778867
3.94262    0.989626    0.000884244
4.00725    0.9898    0.000928026
4.07188    0.989371    0.000843081
4.13651    0.989506    0.000741982
4.20115    0.988198    0.000819629
4.26578    0.987854    0.00070104
4.33041    0.98839    0.000865799
4.39505    0.986462    0.000727846
4.45968    0.986919    0.000804353
4.52431    0.987946    0.000677943
4.58895    0.987201    0.000730224
4.65358    0.987579    0.000643701
4.71821    0.987712    0.000670185
4.78285    0.986796    0.000667488
4.84748    0.986347    0.000751742
4.91211    0.986915    0.000648514
4.97674    0.985881    0.000653468
5.04138    0.987002    0.000572475
5.10601    0.98714    0.000571889
5.17064    0.985949    0.000556774
5.23528    0.985516    0.000635904
5.29991    0.986078    0.000518382
5.36454    0.985438    0.000531172
5.42918    0.985851    0.000545074
5.49381    0.986207    0.000483454
5.55844    0.985738    0.000565614
5.62307    0.986406    0.000484398
5.68771    0.984735    0.000534515
5.75234    0.98578    0.000493174
5.81697    0.985391    0.000521295
5.88161    0.986015    0.000490551
5.94624    0.985781    0.000512219
6.01087    0.984963    0.000522443
6.07551    0.985182    0.000541871
6.14014    0.985737    0.000522656
6.20477    0.98574    0.000549944
6.2694    0.985023    0.000517486
6.33404    0.985972    0.000516734
6.39867    0.985251    0.00056255
