1    0.0491148    0.0491148    0
2    0.048823    0.0489689    0.000103161
3    0.0490329    0.0489903    7.09479e-05
4    0.049242    0.0490532    7.61765e-05
5    0.0492066    0.0490839    6.68372e-05
6    0.0485983    0.049003    9.25213e-05
7    0.0489998    0.0490025    7.93051e-05
8    0.049177    0.0490243    7.2328e-05
9    0.0490398    0.049026    6.4312e-05
10    0.0488019    0.0490036    6.16635e-05
11    0.0491135    0.0490136    5.68616e-05
12    0.0490576    0.0490173    5.22412e-05
13    0.0483834    0.0489685    6.72313e-05
14    0.0481305    0.0489087    8.49957e-05
15    0.0491685    0.048926    8.10752e-05
16    0.0487769    0.0489167    7.65416e-05
17    0.0484559    0.0488896    7.66885e-05
18    0.0486759    0.0488777    7.33407e-05
19    0.0490931    0.048889    7.03513e-05
20    0.0485653    0.0488728    6.86711e-05
21    0.0493468    0.0488954    6.90104e-05
22    0.0492975    0.0489137    6.82513e-05
23    0.0487753    0.0489077    6.55483e-05
24    0.0494306    0.0489295    6.63396e-05
25    0.0492648    0.0489429    6.5028e-05
26    0.0483597    0.0489204    6.62821e-05
27    0.0489459    0.0489214    6.38339e-05
28    0.0497963    0.0489526    6.87786e-05
29    0.0486282    0.0489414    6.73104e-05
30    0.049036    0.0489446    6.51404e-05
31    0.0498627    0.0489742    6.94456e-05
32    0.0482042    0.0489501    7.13225e-05
33    0.0488281    0.0489465    6.92569e-05
34    0.0489786    0.0489474    6.72264e-05
35    0.0492311    0.0489555    6.57927e-05
36    0.0489373    0.048955    6.39671e-05
37    0.0487136    0.0489485    6.25701e-05
38    0.0483954    0.0489339    6.25932e-05
39    0.0492056    0.0489409    6.13745e-05
40    0.0488235    0.048938    5.99103e-05
41    0.0486316    0.0489305    5.89132e-05
42    0.048661    0.0489241    5.78588e-05
43    0.049082    0.0489277    5.66297e-05
44    0.0489765    0.0489288    5.53535e-05
45    0.0491808    0.0489344    5.44059e-05
46    0.0498399    0.0489541    5.66724e-05
47    0.0489594    0.0489542    5.54667e-05
48    0.0488393    0.0489518    5.43629e-05
49    0.0499615    0.0489724    5.70248e-05
50    0.0490849    0.0489747    5.59286e-05
51    0.0490455    0.0489761    5.48492e-05
52    0.0493816    0.0489839    5.43459e-05
53    0.0484725    0.0489742    5.41701e-05
54    0.0490834    0.0489763    5.32047e-05
55    0.0493386    0.0489828    5.26436e-05
56    0.0490624    0.0489843    5.17227e-05
57    0.0481403    0.0489695    5.2892e-05
58    0.0490438    0.0489707    5.19956e-05
59    0.048927    0.04897    5.11196e-05
60    0.0493924    0.048977    5.075e-05
61    0.0499578    0.0489931    5.24031e-05
62    0.050096    0.0490109    5.44936e-05
63    0.0483122    0.0489998    5.47455e-05
64    0.0485789    0.0489932    5.42838e-05
65    0.0488722    0.0489914    5.34806e-05
66    0.0489766    0.0489912    5.26707e-05
67    0.0478991    0.0489749    5.43481e-05
68    0.0489197    0.048974    5.3555e-05
69    0.0490946    0.0489758    5.28073e-05
70    0.0488107    0.0489734    5.21055e-05
71    0.0488686    0.048972    5.13926e-05
72    0.0489125    0.0489711    5.06854e-05
73    0.0487781    0.0489685    5.006e-05
74    0.0494911    0.0489755    4.98793e-05
75    0.0492396    0.0489791    4.93384e-05
76    0.048845    0.0489773    4.87207e-05
77    0.0483975    0.0489698    4.86664e-05
78    0.0490164    0.0489704    4.80461e-05
79    0.048815    0.0489684    4.74782e-05
80    0.0493117    0.0489727    4.70782e-05
81    0.0489649    0.0489726    4.64971e-05
82    0.0488039    0.0489705    4.59755e-05
83    0.0492598    0.048974    4.55535e-05
84    0.0485906    0.0489695    4.52393e-05
85    0.0490024    0.0489699    4.47088e-05
86    0.0490331    0.0489706    4.4195e-05
87    0.0489419    0.0489703    4.36882e-05
88    0.0498725    0.0489805    4.43784e-05
89    0.0492499    0.0489835    4.39829e-05
90    0.0490288    0.048984    4.3497e-05
91    0.0490358    0.0489846    4.30228e-05
92    0.0486143    0.0489806    4.2743e-05
93    0.0482659    0.0489729    4.29687e-05
94    0.0488476    0.0489716    4.25323e-05
95    0.0496212    0.0489784    4.26307e-05
96    0.0487995    0.0489765    4.22274e-05
97    0.0490411    0.0489772    4.17973e-05
98    0.0487343    0.0489747    4.14442e-05
99    0.0491614    0.0489766    4.10684e-05
100    0.0489288    0.0489761    4.06605e-05
