0    0    0
0.0256496    0    0
0.0512993    0    0
0.0769489    0    0
0.102599    0    0
0.128248    0    0
0.153898    0    0
0.179547    0    0
0.205197    0    0
0.230847    0    0
0.256496    0    0
0.282146    0    0
0.307796    0    0
0.333445    0    0
0.359095    0    0
0.384745    0    0
0.410394    0    0
0.436044    0    0
0.461694    0    0
0.487343    0    0
0.512993    0    0
0.538642    0    0
0.564292    0    0
0.589942    0    0
0.615591    0    0
0.641241    0    0
0.666891    0    0
0.69254    0    0
0.71819    0    0
0.74384    0    0
0.769489    0    0
0.795139    0    0
0.820788    0    0
0.846438    1.75071e-05    6.05526e-06
0.872088    0.00132789    5.39189e-05
0.897737    0.0238018    0.000249814
0.923387    0.164491    0.000789111
0.949037    0.561493    0.00183126
0.974686    1.1985    0.00247024
1.00034    1.86159    0.00291707
1.02599    2.33755    0.00223476
1.05164    2.55578    0.00214015
1.07728    2.54889    0.00217806
1.10293    2.40943    0.00227748
1.12858    2.19835    0.00214751
1.15423    1.9747    0.00209088
1.17988    1.75507    0.00189723
1.20553    1.55978    0.00192131
1.23118    1.39211    0.00185166
1.25683    1.24661    0.00154946
1.28248    1.12621    0.00151936
1.30813    1.02382    0.00128384
1.33378    0.941338    0.00123239
1.35943    0.871112    0.00113833
1.38508    0.815256    0.00126789
1.41073    0.772759    0.00107004
1.43638    0.735776    0.001014
1.46203    0.710213    0.00103582
1.48768    0.689713    0.00112349
1.51333    0.677802    0.00103743
1.53898    0.673088    0.00132102
1.56463    0.671766    0.00125961
1.59028    0.67634    0.00126186
1.61593    0.686477    0.00116749
1.64158    0.702518    0.00115242
1.66723    0.723398    0.00107075
1.69288    0.7491    0.00112015
1.71853    0.780326    0.00111108
1.74418    0.815344    0.00113043
1.76983    0.853107    0.00108966
1.79547    0.893922    0.00115244
1.82112    0.934657    0.00112207
1.84677    0.977101    0.0011161
1.87242    1.0174    0.00114384
1.89807    1.0578    0.00122445
1.92372    1.09549    0.00117187
1.94937    1.1298    0.00117122
1.97502    1.16173    0.00108359
2.00067    1.18666    0.00105912
2.02632    1.20579    0.00104381
2.05197    1.21437    0.00100282
2.07762    1.21588    0.00106987
2.10327    1.20974    0.000963694
2.12892    1.19598    0.00111697
2.15457    1.17515    0.000980363
2.18022    1.1514    0.000997583
2.20587    1.12453    0.00103687
2.23152    1.09468    0.000863866
2.25717    1.06621    0.00087804
2.28282    1.03903    0.000874825
2.30847    1.0124    0.000817935
2.33412    0.986906    0.000891246
2.35977    0.965165    0.00084625
2.38542    0.946236    0.000795142
2.41107    0.930708    0.000804657
2.43672    0.917644    0.000837852
2.46237    0.908202    0.000858625
2.48802    0.894207    0.0008299
2.51366    0.885885    0.000877339
2.53931    0.885727    0.00088813
